0	0
0.1	0
0.2	0
0.3	0
0.4	0
0.5	0
0.6	0
0.7	0
0.8	0
0.9	0
1	0
1.1	0
1.2	0
1.3	0
1.4	0
1.5	0
1.6	0
1.7	0
1.8	0
1.9	0
2	0
2.1	0
2.2	0
2.3	0
2.4	0
2.5	0
2.6	0
2.7	0
2.8	0
2.9	0
3	0
3.1	0
3.2	0
3.3	0
3.4	0
3.5	0
3.6	0
3.7	0
3.8	0
3.9	0
4	0
4.1	0
4.2	0
4.3	0
4.4	0
4.5	0
4.6	0
4.7	0
4.8	0
4.9	0
5	0
5.1	0
5.2	0
5.3	0
5.4	0
5.5	0
5.6	0
5.7	0
5.8	0
5.9	0
6	0
6.1	0
6.2	0
6.3	0
6.4	0
6.5	0
6.6	0
6.7	0
6.8	0
6.9	0
7	0
7.1	0
7.2	0
7.3	0
7.4	0
7.5	0
7.6	0
7.7	0
7.8	0
7.9	0
8	0
8.1	0
8.2	0
8.3	0
8.4	0
8.5	0
8.6	0
8.7	0
8.8	0
8.9	0
9	0
9.1	0
9.2	0
9.3	0
9.4	0
9.5	0
9.6	0
9.7	0
9.8	0
9.9	0
10	0
10.1	0
10.2	0
10.3	0
10.4	0
10.5	0
10.6	0
10.7	0
10.8	0
10.9	0
11	0
11.1	0
11.2	0
11.3	0
11.4	0
11.5	0
11.6	0
11.7	0
11.8	0
11.9	0
12	0
12.1	0
12.2	0
12.3	0
12.4	0
12.5	0
12.6	0
12.7	0
12.8	0
12.9	0
13	0
13.1	0
13.2	0
13.3	0
13.4	0
13.5	0
13.6	0
13.7	0
13.8	0
13.9	0
14	0
14.1	0
14.2	0
14.3	0
14.4	0
14.5	0
14.6	0
14.7	0
14.8	0
14.9	0
15	0
15.1	0
15.2	0
15.3	0
15.4	0
15.5	0
15.6	0
15.7	0
15.8	0
15.9	0
16	0
16.1	0
16.2	0
16.3	0
16.4	0
16.5	0
16.6	0
16.7	0
16.8	0
16.9	0
17	0
17.1	0
17.2	0
17.3	0
17.4	0
17.5	0
17.6	0
17.7	0
17.8	0
17.9	0
18	0
18.1	0
18.2	0
18.3	0
18.4	0
18.5	0
18.6	0
18.7	0
18.8	0
18.9	0
19	0
19.1	0
19.2	0
19.3	0
19.4	0
19.5	0
19.6	0
19.7	0
19.8	0
19.9	0
20	0
20.1	0
20.2	0
20.3	0
20.4	0
20.5	0
20.6	0
20.7	0
20.8	0
20.9	0
21	0
21.1	0
21.2	0
21.3	0
21.4	0
21.5	0
21.6	0
21.7	0
21.8	0
21.9	0
22	0
22.1	0
22.2	0
22.3	0
22.4	0
22.5	0
22.6	0
22.7	0
22.8	0
22.9	0
23	0
23.1	0
23.2	0
23.3	0
23.4	0
23.5	0
23.6	0
23.7	0
23.8	0
23.9	0
24	0
24.1	0
24.2	0
24.3	0
24.4	0
24.5	0
24.6	0
24.7	0
24.8	0
24.9	0
25	0
25.1	0
25.2	0
25.3	0
25.4	0
25.5	0
25.6	0
25.7	0
25.8	0
25.9	0
26	0
26.1	0
26.2	0
26.3	0
26.4	0
26.5	0
26.6	0
26.7	0
26.8	0
26.9	0
27	0
27.1	0
27.2	0
27.3	0
27.4	0
27.5	0
27.6	0
27.7	0
27.8	0
27.9	0
28	0
28.1	0
28.2	0
28.3	0
28.4	0
28.5	0
28.6	0
28.7	0
28.8	0
28.9	0
29	0
29.1	0
29.2	0
29.3	0
29.4	0
29.5	0
29.6	0
29.7	0
29.8	0
29.9	0
30	0
30.1	0
30.2	0
30.3	0
30.4	0
30.5	0
30.6	0
30.7	0
30.8	0
30.9	0
31	0
31.1	0
31.2	0
31.3	0
31.4	0
31.5	0
31.6	0
31.7	0
31.8	0
31.9	0
32	0
32.1	0
32.2	0
32.3	0
32.4	0
32.5	0
32.6	0
32.7	0
32.8	0
32.9	0
33	0
33.1	0
33.2	0
33.3	0
33.4	0
33.5	0
33.6	0
33.7	0
33.8	0
33.9	0
34	0
34.1	0
34.2	0
34.3	0
34.4	0
34.5	0
34.6	0
34.7	0
34.8	0
34.9	0
35	0
35.1	0
35.2	0
35.3	0
35.4	0
35.5	0
35.6	0
35.7	0
35.8	0
35.9	0
36	0
36.1	0
36.2	0
36.3	0
36.4	0
36.5	0
36.6	0
36.7	0
36.8	0
36.9	0
37	0
37.1	0
37.2	0
37.3	0
37.4	0
37.5	0
37.6	0
37.7	0
37.8	0
37.9	0
38	0
38.1	0
38.2	0
38.3	0
38.4	0
38.5	0
38.6	0
38.7	0
38.8	0
38.9	0
39	0
39.1	0
39.2	0
39.3	0
39.4	0
39.5	0
39.6	0
39.7	0
39.8	0
39.9	0
40	0
40.1	0
40.2	0
40.3	0
40.4	0
40.5	0
40.6	0
40.7	0
40.8	0
40.9	0
41	0
41.1	0
41.2	0
41.3	0
41.4	0
41.5	0
41.6	0
41.7	0
41.8	0
41.9	0
42	0
42.1	0
42.2	0
42.3	0
42.4	0
42.5	0
42.6	0
42.7	0
42.8	0
42.9	0
43	0
43.1	0
43.2	0
43.3	0
43.4	0
43.5	0
43.6	0
43.7	0
43.8	0
43.9	0
44	0
44.1	0
44.2	0
44.3	0
44.4	0
44.5	0
44.6	0
44.7	0
44.8	0
44.9	0
45	0
45.1	0
45.2	0
45.3	0
45.4	0
45.5	0
45.6	0
45.7	0
45.8	0
45.9	0
46	0
46.1	0
46.2	0
46.3	0
46.4	0
46.5	0
46.6	0
46.7	0
46.8	0
46.9	0
47	0
47.1	0
47.2	0
47.3	0
47.4	0
47.5	0
47.6	0
47.7	0
47.8	0
47.9	0
48	0
48.1	0
48.2	0
48.3	0
48.4	0
48.5	0
48.6	0
48.7	0
48.8	0
48.9	0
49	0
49.1	0
49.2	0
49.3	0
49.4	0
49.5	0
49.6	0
49.7	0
49.8	0
49.9	0
50	0
50.1	0
50.2	0
50.3	0
50.4	0
50.5	0
50.6	0
50.7	0
50.8	0
50.9	0
51	0
51.1	0
51.2	0
51.3	0
51.4	0
51.5	0
51.6	0
51.7	0
51.8	0
51.9	0
52	0
52.1	0
52.2	0
52.3	0
52.4	0
52.5	0
52.6	0
52.7	0
52.8	0
52.9	0
53	0
53.1	0
53.2	0
53.3	0
53.4	0
53.5	0
53.6	0
53.7	0
53.8	0
53.9	0
54	0
54.1	0
54.2	0
54.3	0
54.4	0
54.5	0
54.6	0
54.7	0
54.8	0
54.9	0
55	0
55.1	0
55.2	0
55.3	0
55.4	0
55.5	0
55.6	0
55.7	0
55.8	0
55.9	0
56	0
56.1	0
56.2	0
56.3	0
56.4	0
56.5	0
56.6	0
56.7	0
56.8	0
56.9	0
57	0
57.1	0
57.2	0
57.3	0
57.4	0
57.5	0
57.6	0
57.7	0
57.8	0
57.9	0
58	0
58.1	0
58.2	0
58.3	0
58.4	0
58.5	0
58.6	0
58.7	0
58.8	0
58.9	0
59	0
59.1	0
59.2	0
59.3	0
59.4	0
59.5	0
59.6	0
59.7	0
59.8	0
59.9	0
60	0
60.1	0
60.2	0
60.3	0
60.4	0
60.5	0
60.6	0
60.7	0
60.8	0
60.9	0
61	0
61.1	0
61.2	0
61.3	0
61.4	0
61.5	0
61.6	0
61.7	0
61.8	0
61.9	0
62	0
62.1	0
62.2	0
62.3	0
62.4	0
62.5	0
62.6	0
62.7	0
62.8	0
62.9	0
63	0
63.1	0
63.2	0
63.3	0
63.4	0
63.5	0
63.6	0
63.7	0
63.8	0
63.9	0
64	0
64.1	0
64.2	0
64.3	0
64.4	0
64.5	0
64.6	0
64.7	0
64.8	0
64.9	0
65	0
65.1	0
65.2	0
65.3	0
65.4	0
65.5	0
65.6	0
65.7	0
65.8	0
65.9	0
66	0
66.1	0
66.2	0
66.3	0
66.4	0
66.5	0
66.6	0
66.7	0
66.8	0
66.9	0
67	0
67.1	0
67.2	0
67.3	0
67.4	0
67.5	0
67.6	0
67.7	0
67.8	0
67.9	0
68	0
68.1	0
68.2	0
68.3	0
68.4	0
68.5	0
68.6	0
68.7	0
68.8	0
68.9	0
69	0
69.1	0
69.2	0
69.3	0
69.4	0
69.5	0
69.6	0
69.7	0
69.8	0
69.9	0
70	0
70.1	0
70.2	0
70.3	0
70.4	0
70.5	0
70.6	0
70.7	0
70.8	0
70.9	0
71	0
71.1	0
71.2	0
71.3	0
71.4	0
71.5	0
71.6	0
71.7	0
71.8	0
71.9	0
72	0
72.1	0
72.2	0
72.3	0
72.4	0
72.5	0
72.6	0
72.7	0
72.8	0
72.9	0
73	0
73.1	0
73.2	0
73.3	0
73.4	0
73.5	0
73.6	0
73.7	0
73.8	0
73.9	0
74	0
74.1	0
74.2	0
74.3	0
74.4	0
74.5	0
74.6	0
74.7	0
74.8	0
74.9	0
75	0
75.1	0
75.2	0
75.3	0
75.4	0
75.5	0
75.6	0
75.7	0
75.8	0
75.9	0
76	0
76.1	0
76.2	0
76.3	0
76.4	0
76.5	0
76.6	0
76.7	0
76.8	0
76.9	0
77	0
77.1	0
77.2	0
77.3	0
77.4	0
77.5	0
77.6	0
77.7	0
77.8	0
77.9	0
78	0
78.1	0
78.2	0
78.3	0
78.4	0
78.5	0
78.6	0
78.7	0
78.8	0
78.9	0
79	0
79.1	0
79.2	0
79.3	0
79.4	0
79.5	0
79.6	0
79.7	0
79.8	0
79.9	0
80	0
80.1	0
80.2	0
80.3	0
80.4	0
80.5	0
80.6	0
80.7	0
80.8	0
80.9	0
81	0
81.1	0
81.2	0
81.3	0
81.4	0
81.5	0
81.6	0
81.7	0
81.8	0
81.9	0
82	0
82.1	0
82.2	0
82.3	0
82.4	0
82.5	0
82.6	0
82.7	0
82.8	0
82.9	0
83	0
83.1	0
83.2	0
83.3	0
83.4	0
83.5	0
83.6	0
83.7	0
83.8	0
83.9	0
84	0
84.1	0
84.2	0
84.3	0
84.4	0
84.5	0
84.6	0
84.7	0
84.8	0
84.9	0
85	0
85.1	0
85.2	0
85.3	0
85.4	0
85.5	0
85.6	0
85.7	0
85.8	0
85.9	0
86	0
86.1	0
86.2	0
86.3	0
86.4	0
86.5	0
86.6	0
86.7	0
86.8	0
86.9	0
87	0
87.1	0
87.2	0
87.3	0
87.4	0
87.5	0
87.6	0
87.7	0
87.8	0
87.9	0
88	0
88.1	0
88.2	0
88.3	0
88.4	0
88.5	0
88.6	0
88.7	0
88.8	0
88.9	0
89	0
89.1	0
89.2	0
89.3	0
89.4	0
89.5	0
89.6	0
89.7	0
89.8	0
89.9	0
90	0
90.1	0
90.2	0
90.3	0
90.4	0
90.5	0
90.6	0
90.7	0
90.8	0
90.9	0
91	0
91.1	0
91.2	0
91.3	0
91.4	0
91.5	0
91.6	0
91.7	0
91.8	0
91.9	0
92	0
92.1	0
92.2	0
92.3	0
92.4	0
92.5	0
92.6	0
92.7	0
92.8	0
92.9	0
93	0
93.1	0
93.2	0
93.3	0
93.4	0
93.5	0
93.6	0
93.7	0
93.8	0
93.9	0
94	0
94.1	0
94.2	0
94.3	0
94.4	0
94.5	0
94.6	0
94.7	0
94.8	0
94.9	0
95	0
95.1	0
95.2	0
95.3	0
95.4	0
95.5	0
95.6	0
95.7	0
95.8	0
95.9	0
96	0
96.1	0
96.2	0
96.3	0
96.4	0
96.5	0
96.6	0
96.7	0
96.8	0
96.9	0
97	0
97.1	0
97.2	0
97.3	0
97.4	0
97.5	0
97.6	0
97.7	0
97.8	0
97.9	0
98	0
98.1	0
98.2	0
98.3	0
98.4	0
98.5	0
98.6	0
98.7	0
98.8	0
98.9	0
99	0
99.1	0
99.2	0
99.3	0
99.4	0
99.5	0
99.6	0
99.7	0
99.8	0
99.9	0
100	0
100.1	0
100.2	0
100.3	0
100.4	0
100.5	0
100.6	0
100.7	0
100.8	0
100.9	0
101	0
101.1	0
101.2	0
101.3	0
101.4	0
101.5	0
101.6	0
101.7	0
101.8	0
101.9	0
102	0
102.1	0
102.2	0
102.3	0
102.4	0
102.5	0
102.6	0
102.7	0
102.8	0
102.9	0
103	0
103.1	0
103.2	0
103.3	0
103.4	0
103.5	0
103.6	0
103.7	0
103.8	0
103.9	0
104	0
104.1	0
104.2	0
104.3	0
104.4	0
104.5	0
104.6	0
104.7	0
104.8	0
104.9	0
105	0
105.1	0
105.2	0
105.3	0
105.4	0
105.5	0
105.6	0
105.7	0
105.8	0
105.9	0
106	0
106.1	0
106.2	0
106.3	0
106.4	0
106.5	0
106.6	0
106.7	0
106.8	0
106.9	0
107	0
107.1	0
107.2	0
107.3	0
107.4	0
107.5	0
107.6	0
107.7	0
107.8	0
107.9	0
108	0
108.1	0
108.2	0
108.3	0
108.4	0
108.5	0
108.6	0
108.7	0
108.8	0
108.9	0
109	0
109.1	0
109.2	0
109.3	0
109.4	0
109.5	0
109.6	0
109.7	0
109.8	0
109.9	0
110	0
110.1	0
110.2	0
110.3	0
110.4	0
110.5	0
110.6	0
110.7	0
110.8	0
110.9	0
111	0
111.1	0
111.2	0
111.3	0
111.4	0
111.5	0
111.6	0
111.7	0
111.8	0
111.9	0
112	0
112.1	0
112.2	0
112.3	0
112.4	0
112.5	0
112.6	0
112.7	0
112.8	0
112.9	0
113	0
113.1	0
113.2	0
113.3	0
113.4	0
113.5	0
113.6	0
113.7	0
113.8	0
113.9	0
114	0
114.1	0
114.2	0
114.3	0
114.4	0
114.5	0
114.6	0
114.7	0
114.8	0
114.9	0
115	0
115.1	0
115.2	0
115.3	0
115.4	0
115.5	0
115.6	0
115.7	0
115.8	0
115.9	0
116	0
116.1	0
116.2	0
116.3	0
116.4	0
116.5	0
116.6	0
116.7	0
116.8	0
116.9	0
117	0
117.1	0
117.2	0
117.3	0
117.4	0
117.5	0
117.6	0
117.7	0
117.8	0
117.9	0
118	0
118.1	0
118.2	0
118.3	0
118.4	0
118.5	0
118.6	0
118.7	0
118.8	0
118.9	0
119	0
119.1	0
119.2	0
119.3	0
119.4	0
119.5	0
119.6	0
119.7	0
119.8	0
119.9	0
120	0
120.1	0
120.2	0
120.3	0
120.4	0
120.5	0
120.6	0
120.7	0
120.8	0
120.9	0
121	0
121.1	0
121.2	0
121.3	0
121.4	0
121.5	0
121.6	0
121.7	0
121.8	0
121.9	0
122	0
122.1	0
122.2	0
122.3	0
122.4	0
122.5	0
122.6	0
122.7	0
122.8	0
122.9	0
123	0
123.1	0
123.2	0
123.3	0
123.4	0
123.5	0
123.6	0
123.7	0
123.8	0
123.9	0
124	0
124.1	0
124.2	0
124.3	0
124.4	0
124.5	0
124.6	0
124.7	0
124.8	0
124.9	0
125	0
125.1	0
125.2	0
125.3	0
125.4	0
125.5	0
125.6	0
125.7	0
125.8	0
125.9	0
126	0
126.1	0
126.2	0
126.3	0
126.4	0
126.5	0
126.6	0
126.7	0
126.8	0
126.9	0
127	0
127.1	0
127.2	0
127.3	0
127.4	0
127.5	0
127.6	0
127.7	0
127.8	0
127.9	0
128	0
128.1	0
128.2	0
128.3	0
128.4	0
128.5	0
128.6	0
128.7	0
128.8	0
128.9	0
129	0
129.1	0
129.2	0
129.3	0
129.4	0
129.5	0
129.6	0
129.7	0
129.8	0
129.9	0
130	0
130.1	0
130.2	0
130.3	0
130.4	0
130.5	0
130.6	0
130.7	0
130.8	0
130.9	0
131	0
131.1	0
131.2	0
131.3	0
131.4	0
131.5	0
131.6	0
131.7	0
131.8	0
131.9	0
132	0
132.1	0
132.2	0
132.3	0
132.4	0
132.5	0
132.6	0
132.7	0
132.8	0
132.9	0
133	0
133.1	0
133.2	0
133.3	0
133.4	0
133.5	0
133.6	0
133.7	0
133.8	0
133.9	0
134	0
134.1	0
134.2	0
134.3	0
134.4	0
134.5	0
134.6	0
134.7	0
134.8	0
134.9	0
135	0
135.1	0
135.2	0
135.3	0
135.4	0
135.5	0
135.6	0
135.7	0
135.8	0
135.9	0
136	0
136.1	0
136.2	0
136.3	0
136.4	0
136.5	0
136.6	0
136.7	0
136.8	0
136.9	0
137	0
137.1	0
137.2	0
137.3	0
137.4	0
137.5	0
137.6	0
137.7	0
137.8	0
137.9	0
138	0
138.1	0
138.2	0
138.3	0
138.4	0
138.5	0
138.6	0
138.7	0
138.8	0
138.9	0
139	0
139.1	0
139.2	0
139.3	0
139.4	0
139.5	0
139.6	0
139.7	0
139.8	0
139.9	0
140	0
140.1	0
140.2	0
140.3	0
140.4	0
140.5	0
140.6	0
140.7	0
140.8	0
140.9	0
141	0
141.1	0
141.2	0
141.3	0
141.4	0
141.5	0
141.6	0
141.7	0
141.8	0
141.9	0
142	0
142.1	0
142.2	0
142.3	0
142.4	0
142.5	0
142.6	0
142.7	0
142.8	0
142.9	0
143	0
143.1	0
143.2	0
143.3	0
143.4	0
143.5	0
143.6	0
143.7	0
143.8	0
143.9	0
144	0
144.1	0
144.2	0
144.3	0
144.4	0
144.5	0
144.6	0
144.7	0
144.8	0
144.9	0
145	0
145.1	0
145.2	0
145.3	0
145.4	0
145.5	0
145.6	0
145.7	0
145.8	0
145.9	0
146	0
146.1	0
146.2	0
146.3	0
146.4	0
146.5	0
146.6	0
146.7	0
146.8	0
146.9	0
147	0
147.1	0
147.2	0
147.3	0
147.4	0
147.5	0
147.6	0
147.7	0
147.8	0
147.9	0
148	0
148.1	0
148.2	0
148.3	0
148.4	0
148.5	0
148.6	0
148.7	0
148.8	0
148.9	0
149	0
149.1	0
149.2	0
149.3	0
149.4	0
149.5	0
149.6	0
149.7	0
149.8	0
149.9	0
150	0
150.1	0
150.2	0
150.3	0
150.4	0
150.5	0
150.6	0
150.7	0
150.8	0
150.9	0
151	0
151.1	0
151.2	0
151.3	0
151.4	0
151.5	0
151.6	0
151.7	0
151.8	0
151.9	0
152	0
152.1	0
152.2	0
152.3	0
152.4	0
152.5	0
152.6	0
152.7	0
152.8	0
152.9	0
153	0
153.1	0
153.2	0
153.3	0
153.4	0
153.5	0
153.6	0
153.7	0
153.8	0
153.9	0
154	0
154.1	0
154.2	0
154.3	0
154.4	0
154.5	0
154.6	0
154.7	0
154.8	0
154.9	0
155	0
155.1	0
155.2	0
155.3	0
155.4	0
155.5	0
155.6	0
155.7	0
155.8	0
155.9	0
156	0
156.1	0
156.2	0
156.3	0
156.4	0
156.5	0
156.6	0
156.7	0
156.8	0
156.9	0
157	0
157.1	0
157.2	0
157.3	0
157.4	0
157.5	0
157.6	0
157.7	0
157.8	0
157.9	0
158	0
158.1	0
158.2	0
158.3	0
158.4	0
158.5	0
158.6	0
158.7	0
158.8	0
158.9	0
159	0
159.1	0
159.2	0
159.3	0
159.4	0
159.5	0
159.6	0
159.7	0
159.8	0
159.9	0
160	0
160.1	0
160.2	0
160.3	0
160.4	0
160.5	0
160.6	0
160.7	0
160.8	0
160.9	0
161	0
161.1	0
161.2	0
161.3	0
161.4	0
161.5	0
161.6	0
161.7	0
161.8	0
161.9	0
162	0
162.1	0
162.2	0
162.3	0
162.4	0
162.5	0
162.6	0
162.7	0
162.8	0
162.9	0
163	0
163.1	0
163.2	0
163.3	0
163.4	0
163.5	0
163.6	0
163.7	0
163.8	0
163.9	0
164	0
164.1	0
164.2	0
164.3	0
164.4	0
164.5	0
164.6	0
164.7	0
164.8	0
164.9	0
165	0
165.1	0
165.2	0
165.3	0
165.4	0
165.5	0
165.6	0
165.7	0
165.8	0
165.9	0
166	0
166.1	0
166.2	0
166.3	0
166.4	0
166.5	0
166.6	0
166.7	0
166.8	0
166.9	0
167	0
167.1	0
167.2	0
167.3	0
167.4	0
167.5	0
167.6	0
167.7	0
167.8	0
167.9	0
168	0
168.1	0
168.2	0
168.3	0
168.4	0
168.5	0
168.6	0
168.7	0
168.8	0
168.9	0
169	0
169.1	0
169.2	0
169.3	0
169.4	0
169.5	0
169.6	0
169.7	0
169.8	0
169.9	0
170	0
170.1	0
170.2	0
170.3	0
170.4	0
170.5	0
170.6	0
170.7	0
170.8	0
170.9	0
171	0
171.1	0
171.2	0
171.3	0
171.4	0
171.5	0
171.6	0
171.7	0
171.8	0
171.9	0
172	0
172.1	0
172.2	0
172.3	0
172.4	0
172.5	0
172.6	0
172.7	0
172.8	0
172.9	0
173	0
173.1	0
173.2	0
173.3	0
173.4	0
173.5	0
173.6	0
173.7	0
173.8	0
173.9	0
174	0
174.1	0
174.2	0
174.3	0
174.4	0
174.5	0
174.6	0
174.7	0
174.8	0
174.9	0
175	0
175.1	0
175.2	0
175.3	0
175.4	0
175.5	0
175.6	0
175.7	0
175.8	0
175.9	0
176	0
176.1	0
176.2	0
176.3	0
176.4	0
176.5	0
176.6	0
176.7	0
176.8	0
176.9	0
177	0
177.1	0
177.2	0
177.3	0
177.4	0
177.5	0
177.6	0
177.7	0
177.8	0
177.9	0
178	0
178.1	0
178.2	0
178.3	0
178.4	0
178.5	0
178.6	0
178.7	0
178.8	0
178.9	0
179	0
179.1	0
179.2	0
179.3	0
179.4	0
179.5	0
179.6	0
179.7	0
179.8	0
179.9	0
180	0
180.1	0
180.2	0
180.3	0
180.4	0
180.5	0
180.6	0
180.7	0
180.8	0
180.9	0
181	0
181.1	0
181.2	0
181.3	0
181.4	0
181.5	0
181.6	0
181.7	0
181.8	0
181.9	0
182	0
182.1	0
182.2	0
182.3	0
182.4	0
182.5	0
182.6	0
182.7	0
182.8	0
182.9	0
183	0
183.1	0
183.2	0
183.3	0
183.4	0
183.5	0
183.6	0
183.7	0
183.8	0
183.9	0
184	0
184.1	0
184.2	0
184.3	0
184.4	0
184.5	0
184.6	0
184.7	0
184.8	0
184.9	0
185	0
185.1	0
185.2	0
185.3	0
185.4	0
185.5	0
185.6	0
185.7	0
185.8	0
185.9	0
186	0
186.1	0
186.2	0
186.3	0
186.4	0
186.5	0
186.6	0
186.7	0
186.8	0
186.9	0
187	0
187.1	0
187.2	0
187.3	0
187.4	0
187.5	0
187.6	0
187.7	0
187.8	0
187.9	0
188	0
188.1	0
188.2	0
188.3	0
188.4	0
188.5	0
188.6	0
188.7	0
188.8	0
188.9	0
189	0
189.1	0
189.2	0
189.3	0
189.4	0
189.5	0
189.6	0
189.7	0
189.8	0
189.9	0
190	0
190.1	0
190.2	0
190.3	0
190.4	0
190.5	0
190.6	0
190.7	0
190.8	0
190.9	0
191	0
191.1	0
191.2	0
191.3	0
191.4	0
191.5	0
191.6	0
191.7	0
191.8	0
191.9	0
192	0
192.1	0
192.2	0
192.3	0
192.4	0
192.5	0
192.6	0
192.7	0
192.8	0
192.9	0
193	0
193.1	0
193.2	0
193.3	0
193.4	0
193.5	0
193.6	0
193.7	0
193.8	0
193.9	0.1
194	0.0995012
194.1	0.099005
194.2	0.0985112
194.3	0.0980199
194.4	0.097531
194.5	0.0970446
194.6	0.0965605
194.7	0.0960789
194.8	0.0955997
194.9	0.0951229
195	0.0946485
195.1	0.0941765
195.2	0.0937067
195.3	0.0932394
195.4	0.0927743
195.5	0.0923116
195.6	0.0918512
195.7	0.0913931
195.8	0.0909373
195.9	0.0904837
196	0.0900325
196.1	0.0895834
196.2	0.0891366
196.3	0.088692
196.4	0.0882497
196.5	0.0878095
196.6	0.0873716
196.7	0.0869358
196.8	0.0865022
196.9	0.0860708
197	0.0856415
197.1	0.0852144
197.2	0.0847894
197.3	0.0843665
197.4	0.0839457
197.5	0.083527
197.6	0.0831104
197.7	0.0826959
197.8	0.0822835
197.9	0.0818731
198	0.0814647
198.1	0.0810584
198.2	0.0806541
198.3	0.0802519
198.4	0.0798516
198.5	0.0794534
198.6	0.0790571
198.7	0.0786628
198.8	0.0782705
198.9	0.0778801
199	0.0774916
199.1	0.0771052
199.2	0.0767206
199.3	0.0763379
199.4	0.0759572
199.5	0.0755784
199.6	0.0752014
199.7	0.0748264
199.8	0.0744532
199.9	0.0740818
200	0.0737123
200.1	0.0733447
200.2	0.0729789
200.3	0.0726149
200.4	0.0722527
200.5	0.0718924
200.6	0.0715338
200.7	0.071177
200.8	0.070822
200.9	0.0704688
201	0.0701173
201.1	0.0697676
201.2	0.0694197
201.3	0.0690734
201.4	0.0687289
201.5	0.0683861
201.6	0.0680451
201.7	0.0677057
201.8	0.067368
201.9	0.067032
202	0.0666977
202.1	0.066365
202.2	0.066034
202.3	0.0657047
202.4	0.065377
202.5	0.0650509
202.6	0.0647265
202.7	0.0644036
202.8	0.0640824
202.9	0.0637628
203	0.0634448
203.1	0.0631284
203.2	0.0628135
203.3	0.0625002
203.4	0.0621885
203.5	0.0618783
203.6	0.0615697
203.7	0.0612626
203.8	0.0609571
203.9	0.0606531
204	0.0603506
204.1	0.0600496
204.2	0.0597501
204.3	0.0594521
204.4	0.0591555
204.5	0.0588605
204.6	0.0585669
204.7	0.0582748
204.8	0.0579842
204.9	0.057695
205	0.0574072
205.1	0.0571209
205.2	0.056836
205.3	0.0565525
205.4	0.0562705
205.5	0.0559898
205.6	0.0557106
205.7	0.0554327
205.8	0.0551563
205.9	0.0548812
206	0.0546074
206.1	0.0543351
206.2	0.0540641
206.3	0.0537944
206.4	0.0535261
206.5	0.0532592
206.6	0.0529935
206.7	0.0527292
206.8	0.0524663
206.9	0.0522046
207	0.0519442
207.1	0.0516851
207.2	0.0514274
207.3	0.0511709
207.4	0.0509156
207.5	0.0506617
207.6	0.050409
207.7	0.0501576
207.8	0.0499074
207.9	0.0496585
208	0.0494109
208.1	0.0491644
208.2	0.0489192
208.3	0.0486752
208.4	0.0484325
208.5	0.0481909
208.6	0.0479505
208.7	0.0477114
208.8	0.0474734
208.9	0.0472367
209	0.0470011
209.1	0.0467666
209.2	0.0465334
209.3	0.0463013
209.4	0.0460704
209.5	0.0458406
209.6	0.045612
209.7	0.0453845
209.8	0.0451581
209.9	0.0449329
210	0.0447088
210.1	0.0444858
210.2	0.0442639
210.3	0.0440432
210.4	0.0438235
210.5	0.0436049
210.6	0.0433874
210.7	0.0431711
210.8	0.0429557
210.9	0.0427415
211	0.0425283
211.1	0.0423162
211.2	0.0421052
211.3	0.0418952
211.4	0.0416862
211.5	0.0414783
211.6	0.0412714
211.7	0.0410656
211.8	0.0408608
211.9	0.040657
212	0.0404542
212.1	0.0402524
212.2	0.0400517
212.3	0.0398519
212.4	0.0396531
212.5	0.0394554
212.6	0.0392586
212.7	0.0390628
212.8	0.038868
212.9	0.0386741
213	0.0384812
213.1	0.0382893
213.2	0.0380983
213.3	0.0379083
213.4	0.0377192
213.5	0.0375311
213.6	0.0373439
213.7	0.0371577
213.8	0.0369723
213.9	0.0367879
214	0.0366045
214.1	0.0364219
214.2	0.0362402
214.3	0.0360595
214.4	0.0358796
214.5	0.0357007
214.6	0.0355226
214.7	0.0353455
214.8	0.0351692
214.9	0.0349938
215	0.0348192
215.1	0.0346456
215.2	0.0344728
215.3	0.0343009
215.4	0.0341298
215.5	0.0339596
215.6	0.0337902
215.7	0.0336216
215.8	0.033454
215.9	0.0332871
216	0.0331211
216.1	0.0329559
216.2	0.0327915
216.3	0.032628
216.4	0.0324652
216.5	0.0323033
216.6	0.0321422
216.7	0.0319819
216.8	0.0318224
216.9	0.0316637
217	0.0315058
217.1	0.0313486
217.2	0.0311923
217.3	0.0310367
217.4	0.0308819
217.5	0.0307279
217.6	0.0305746
217.7	0.0304221
217.8	0.0302704
217.9	0.0301194
218	0.0299692
218.1	0.0298197
218.2	0.029671
218.3	0.029523
218.4	0.0293758
218.5	0.0292293
218.6	0.0290835
218.7	0.0289384
218.8	0.0287941
218.9	0.0286505
219	0.0285076
219.1	0.0283654
219.2	0.0282239
219.3	0.0280832
219.4	0.0279431
219.5	0.0278037
219.6	0.0276651
219.7	0.0275271
219.8	0.0273898
219.9	0.0272532
220	0.0271173
220.1	0.026982
220.2	0.0268474
220.3	0.0267135
220.4	0.0265803
220.5	0.0264477
220.6	0.0263158
220.7	0.0261846
220.8	0.026054
220.9	0.025924
221	0.0257947
221.1	0.0256661
221.2	0.0255381
221.3	0.0254107
221.4	0.025284
221.5	0.0251579
221.6	0.0250324
221.7	0.0249075
221.8	0.0247833
221.9	0.0246597
222	0.0245367
222.1	0.0244143
222.2	0.0242926
222.3	0.0241714
222.4	0.0240508
222.5	0.0239309
222.6	0.0238115
222.7	0.0236928
222.8	0.0235746
222.9	0.023457
223	0.02334
223.1	0.0232236
223.2	0.0231078
223.3	0.0229925
223.4	0.0228779
223.5	0.0227638
223.6	0.0226502
223.7	0.0225373
223.8	0.0224249
223.9	0.022313
224	0.0222017
224.1	0.022091
224.2	0.0219808
224.3	0.0218712
224.4	0.0217621
224.5	0.0216536
224.6	0.0215456
224.7	0.0214381
224.8	0.0213312
224.9	0.0212248
225	0.0211189
225.1	0.0210136
225.2	0.0209088
225.3	0.0208045
225.4	0.0207008
225.5	0.0205975
225.6	0.0204948
225.7	0.0203926
225.8	0.0202909
225.9	0.0201897
226	0.020089
226.1	0.0199888
226.2	0.0198891
226.3	0.0197899
226.4	0.0196912
226.5	0.019593
226.6	0.0194952
226.7	0.019398
226.8	0.0193013
226.9	0.019205
227	0.0191092
227.1	0.0190139
227.2	0.0189191
227.3	0.0188247
227.4	0.0187308
227.5	0.0186374
227.6	0.0185444
227.7	0.018452
227.8	0.0183599
227.9	0.0182684
228	0.0181772
228.1	0.0180866
228.2	0.0179964
228.3	0.0179066
228.4	0.0178173
228.5	0.0177284
228.6	0.01764
228.7	0.017552
228.8	0.0174645
228.9	0.0173774
229	0.0172907
229.1	0.0172045
229.2	0.0171187
229.3	0.0170333
229.4	0.0169483
229.5	0.0168638
229.6	0.0167797
229.7	0.016696
229.8	0.0166127
229.9	0.0165299
230	0.0164474
230.1	0.0163654
230.2	0.0162838
230.3	0.0162026
230.4	0.0161218
230.5	0.0160414
230.6	0.0159614
230.7	0.0158817
230.8	0.0158025
230.9	0.0157237
231	0.0156453
231.1	0.0155673
231.2	0.0154896
231.3	0.0154124
231.4	0.0153355
231.5	0.015259
231.6	0.0151829
231.7	0.0151072
231.8	0.0150318
231.9	0.0149569
232	0.0148823
232.1	0.014808
232.2	0.0147342
232.3	0.0146607
232.4	0.0145876
232.5	0.0145148
232.6	0.0144424
232.7	0.0143704
232.8	0.0142987
232.9	0.0142274
233	0.0141564
233.1	0.0140858
233.2	0.0140156
233.3	0.0139457
233.4	0.0138761
233.5	0.0138069
233.6	0.0137381
233.7	0.0136695
233.8	0.0136014
233.9	0.0135335
234	0.013466
234.1	0.0133989
234.2	0.013332
234.3	0.0132655
234.4	0.0131994
234.5	0.0131336
234.6	0.013068
234.7	0.0130029
234.8	0.012938
234.9	0.0128735
235	0.0128093
235.1	0.0127454
235.2	0.0126818
235.3	0.0126186
235.4	0.0125556
235.5	0.012493
235.6	0.0124307
235.7	0.0123687
235.8	0.012307
235.9	0.0122456
236	0.0121846
236.1	0.0121238
236.2	0.0120633
236.3	0.0120032
236.4	0.0119433
236.5	0.0118837
236.6	0.0118245
236.7	0.0117655
236.8	0.0117068
236.9	0.0116484
237	0.0115903
237.1	0.0115325
237.2	0.011475
237.3	0.0114178
237.4	0.0113608
237.5	0.0113042
237.6	0.0112478
237.7	0.0111917
237.8	0.0111359
237.9	0.0110803
238	0.0110251
238.1	0.0109701
238.2	0.0109154
238.3	0.0108609
238.4	0.0108067
238.5	0.0107528
238.6	0.0106992
238.7	0.0106459
238.8	0.0105928
238.9	0.0105399
239	0.0104874
239.1	0.010435
239.2	0.010383
239.3	0.0103312
239.4	0.0102797
239.5	0.0102284
239.6	0.0101774
239.7	0.0101266
239.8	0.0100761
239.9	0.0100259
240	0.00997588
240.1	0.00992613
240.2	0.00987662
240.3	0.00982736
240.4	0.00977834
240.5	0.00972957
240.6	0.00968105
240.7	0.00963276
240.8	0.00958472
240.9	0.00953692
241	0.00948935
241.1	0.00944202
241.2	0.00939493
241.3	0.00934807
241.4	0.00930145
241.5	0.00925506
241.6	0.0092089
241.7	0.00916297
241.8	0.00911727
241.9	0.0090718
242	0.00902655
242.1	0.00898153
242.2	0.00893673
242.3	0.00889216
242.4	0.00884781
242.5	0.00880368
242.6	0.00875977
242.7	0.00871609
242.8	0.00867261
242.9	0.00862936
243	0.00858632
243.1	0.0085435
243.2	0.00850088
243.3	0.00845849
243.4	0.0084163
243.5	0.00837432
243.6	0.00833256
243.7	0.008291
243.8	0.00824965
243.9	0.0082085
244	0.00816756
244.1	0.00812682
244.2	0.00808629
244.3	0.00804596
244.4	0.00800583
244.5	0.0079659
244.6	0.00792617
244.7	0.00788664
244.8	0.00784731
244.9	0.00780817
245	0.00776922
245.1	0.00773047
245.2	0.00769192
245.3	0.00765355
245.4	0.00761538
245.5	0.0075774
245.6	0.00753961
245.7	0.007502
245.8	0.00746459
245.9	0.00742736
246	0.00739031
246.1	0.00735345
246.2	0.00731678
246.3	0.00728029
246.4	0.00724398
246.5	0.00720785
246.6	0.0071719
246.7	0.00713613
246.8	0.00710054
246.9	0.00706512
247	0.00702988
247.1	0.00699482
247.2	0.00695994
247.3	0.00692522
247.4	0.00689068
247.5	0.00685632
247.6	0.00682212
247.7	0.00678809
247.8	0.00675424
247.9	0.00672055
248	0.00668703
248.1	0.00665368
248.2	0.0066205
248.3	0.00658748
248.4	0.00655462
248.5	0.00652193
248.6	0.0064894
248.7	0.00645703
248.8	0.00642483
248.9	0.00639279
249	0.0063609
249.1	0.00632918
249.2	0.00629761
249.3	0.0062662
249.4	0.00623495
249.5	0.00620385
249.6	0.00617291
249.7	0.00614212
249.8	0.00611149
249.9	0.00608101
250	0.00605068
250.1	0.0060205
250.2	0.00599047
250.3	0.00596059
250.4	0.00593087
250.5	0.00590129
250.6	0.00587185
250.7	0.00584257
250.8	0.00581343
250.9	0.00578443
251	0.00575558
251.1	0.00572688
251.2	0.00569831
251.3	0.00566989
251.4	0.00564161
251.5	0.00561348
251.6	0.00558548
251.7	0.00555762
251.8	0.0055299
251.9	0.00550232
252	0.00547488
252.1	0.00544757
252.2	0.0054204
252.3	0.00539337
252.4	0.00536647
252.5	0.0053397
252.6	0.00531307
252.7	0.00528657
252.8	0.00526021
252.9	0.00523397
253	0.00520787
253.1	0.00518189
253.2	0.00515605
253.3	0.00513033
253.4	0.00510474
253.5	0.00507928
253.6	0.00505395
253.7	0.00502874
253.8	0.00500366
253.9	0.00497871
254	0.00495388
254.1	0.00492917
254.2	0.00490458
254.3	0.00488012
254.4	0.00485578
254.5	0.00483156
254.6	0.00480747
254.7	0.00478349
254.8	0.00475963
254.9	0.00473589
255	0.00471227
255.1	0.00468877
255.2	0.00466538
255.3	0.00464212
255.4	0.00461896
255.5	0.00459593
255.6	0.004573
255.7	0.0045502
255.8	0.0045275
255.9	0.00450492
256	0.00448245
256.1	0.0044601
256.2	0.00443785
256.3	0.00441572
256.4	0.00439369
256.5	0.00437178
256.6	0.00434998
256.7	0.00432828
256.8	0.00430669
256.9	0.00428521
257	0.00426384
257.1	0.00424257
257.2	0.00422141
257.3	0.00420036
257.4	0.00417941
257.5	0.00415857
257.6	0.00413782
257.7	0.00411719
257.8	0.00409665
257.9	0.00407622
258	0.00405589
258.1	0.00403566
258.2	0.00401553
258.3	0.00399551
258.4	0.00397558
258.5	0.00395575
258.6	0.00393602
258.7	0.00391639
258.8	0.00389686
258.9	0.00387742
259	0.00385808
259.1	0.00383884
259.2	0.00381969
259.3	0.00380064
259.4	0.00378169
259.5	0.00376283
259.6	0.00374406
259.7	0.00372538
259.8	0.0037068
259.9	0.00368832
260	0.00366992
260.1	0.00365162
260.2	0.0036334
260.3	0.00361528
260.4	0.00359725
260.5	0.00357931
260.6	0.00356146
260.7	0.0035437
260.8	0.00352602
260.9	0.00350844
261	0.00349094
261.1	0.00347353
261.2	0.0034562
261.3	0.00343896
261.4	0.00342181
261.5	0.00340475
261.6	0.00338776
261.7	0.00337087
261.8	0.00335406
261.9	0.00333733
262	0.00332068
262.1	0.00330412
262.2	0.00328764
262.3	0.00327124
262.4	0.00325493
262.5	0.00323869
262.6	0.00322254
262.7	0.00320647
262.8	0.00319048
262.9	0.00317456
263	0.00315873
263.1	0.00314298
263.2	0.0031273
263.3	0.0031117
263.4	0.00309618
263.5	0.00308074
263.6	0.00306538
263.7	0.00305009
263.8	0.00303487
263.9	0.00301974
264	0.00300468
264.1	0.00298969
264.2	0.00297478
264.3	0.00295994
264.4	0.00294518
264.5	0.00293049
264.6	0.00291588
264.7	0.00290133
264.8	0.00288686
264.9	0.00287246
265	0.00285814
265.1	0.00284388
265.2	0.0028297
265.3	0.00281559
265.4	0.00280154
265.5	0.00278757
265.6	0.00277367
265.7	0.00275983
265.8	0.00274607
265.9	0.00273237
266	0.00271874
266.1	0.00270518
266.2	0.00269169
266.3	0.00267827
266.4	0.00266491
266.5	0.00265162
266.6	0.00263839
266.7	0.00262523
266.8	0.00261214
266.9	0.00259911
267	0.00258615
267.1	0.00257325
267.2	0.00256042
267.3	0.00254765
267.4	0.00253494
267.5	0.0025223
267.6	0.00250972
267.7	0.0024972
267.8	0.00248475
267.9	0.00247235
268	0.00246002
268.1	0.00244775
268.2	0.00243554
268.3	0.0024234
268.4	0.00241131
268.5	0.00239928
268.6	0.00238732
268.7	0.00237541
268.8	0.00236356
268.9	0.00235177
269	0.00234005
269.1	0.00232837
269.2	0.00231676
269.3	0.00230521
269.4	0.00229371
269.5	0.00228227
269.6	0.00227089
269.7	0.00225956
269.8	0.00224829
269.9	0.00223708
270	0.00222592
270.1	0.00221482
270.2	0.00220377
270.3	0.00219278
270.4	0.00218184
270.5	0.00217096
270.6	0.00216013
270.7	0.00214936
270.8	0.00213864
270.9	0.00212797
271	0.00211736
271.1	0.0021068
271.2	0.00209629
271.3	0.00208584
271.4	0.00207543
271.5	0.00206508
271.6	0.00205478
271.7	0.00204453
271.8	0.00203434
271.9	0.00202419
272	0.0020141
272.1	0.00200405
272.2	0.00199405
272.3	0.00198411
272.4	0.00197421
272.5	0.00196437
272.6	0.00195457
272.7	0.00194482
272.8	0.00193512
272.9	0.00192547
273	0.00191587
273.1	0.00190631
273.2	0.0018968
273.3	0.00188734
273.4	0.00187793
273.5	0.00186856
273.6	0.00185924
273.7	0.00184997
273.8	0.00184074
273.9	0.00183156
274	0.00182243
274.1	0.00181334
274.2	0.0018043
274.3	0.0017953
274.4	0.00178634
274.5	0.00177743
274.6	0.00176857
274.7	0.00175975
274.8	0.00175097
274.9	0.00174224
275	0.00173355
275.1	0.0017249
275.2	0.0017163
275.3	0.00170774
275.4	0.00169922
275.5	0.00169075
275.6	0.00168231
275.7	0.00167392
275.8	0.00166557
275.9	0.00165727
276	0.001649
276.1	0.00164078
276.2	0.00163259
276.3	0.00162445
276.4	0.00161635
276.5	0.00160829
276.6	0.00160027
276.7	0.00159229
276.8	0.00158434
276.9	0.00157644
277	0.00156858
277.1	0.00156076
277.2	0.00155297
277.3	0.00154523
277.4	0.00153752
277.5	0.00152985
277.6	0.00152222
277.7	0.00151463
277.8	0.00150707
277.9	0.00149956
278	0.00149208
278.1	0.00148464
278.2	0.00147723
278.3	0.00146986
278.4	0.00146253
278.5	0.00145524
278.6	0.00144798
278.7	0.00144076
278.8	0.00143357
278.9	0.00142642
279	0.00141931
279.1	0.00141223
279.2	0.00140519
279.3	0.00139818
279.4	0.0013912
279.5	0.00138427
279.6	0.00137736
279.7	0.00137049
279.8	0.00136366
279.9	0.00135686
280	0.00135009
280.1	0.00134335
280.2	0.00133665
280.3	0.00132999
280.4	0.00132336
280.5	0.00131675
280.6	0.00131019
280.7	0.00130365
280.8	0.00129715
280.9	0.00129068
281	0.00128424
281.1	0.00127784
281.2	0.00127147
281.3	0.00126512
281.4	0.00125881
281.5	0.00125254
281.6	0.00124629
281.7	0.00124007
281.8	0.00123389
281.9	0.00122773
282	0.00122161
282.1	0.00121552
282.2	0.00120946
282.3	0.00120342
282.4	0.00119742
282.5	0.00119145
282.6	0.00118551
282.7	0.00117959
282.8	0.00117371
282.9	0.00116786
283	0.00116203
283.1	0.00115624
283.2	0.00115047
283.3	0.00114473
283.4	0.00113902
283.5	0.00113334
283.6	0.00112769
283.7	0.00112206
283.8	0.00111647
283.9	0.0011109
284	0.00110536
284.1	0.00109985
284.2	0.00109436
284.3	0.0010889
284.4	0.00108347
284.5	0.00107807
284.6	0.00107269
284.7	0.00106734
284.8	0.00106202
284.9	0.00105672
285	0.00105145
285.1	0.00104621
285.2	0.00104099
285.3	0.0010358
285.4	0.00103063
285.5	0.00102549
285.6	0.00102037
285.7	0.00101529
285.8	0.00101022
285.9	0.00100518
286	0.00100017
286.1	0.000995182
286.2	0.000990218
286.3	0.00098528
286.4	0.000980366
286.5	0.000975476
286.6	0.000970611
286.7	0.00096577
286.8	0.000960953
286.9	0.00095616
287	0.000951391
287.1	0.000946646
287.2	0.000941925
287.3	0.000937227
287.4	0.000932553
287.5	0.000927901
287.6	0.000923273
287.7	0.000918669
287.8	0.000914087
287.9	0.000909528
288	0.000904991
288.1	0.000900478
288.2	0.000895987
288.3	0.000891518
288.4	0.100887
288.5	0.100384
288.6	0.0998832
288.7	0.0993851
288.8	0.0988894
288.9	0.0983962
289	0.0979054
289.1	0.0974171
289.2	0.0969312
289.3	0.0964478
289.4	0.0959668
289.5	0.0954881
289.6	0.0950119
289.7	0.094538
289.8	0.0940665
289.9	0.0935973
290	0.0931305
290.1	0.092666
290.2	0.0922038
290.3	0.091744
290.4	0.0912864
290.5	0.0908311
290.6	0.0903781
290.7	0.0899273
290.8	0.0894788
290.9	0.0890325
291	0.0885885
291.1	0.0881466
291.2	0.087707
291.3	0.0872696
291.4	0.0868343
291.5	0.0864012
291.6	0.0859703
291.7	0.0855415
291.8	0.0851149
291.9	0.0846904
292	0.084268
292.1	0.0838477
292.2	0.0834295
292.3	0.0830134
292.4	0.0825993
292.5	0.0821874
292.6	0.0817775
292.7	0.0813696
292.8	0.0809638
292.9	0.08056
293	0.0801582
293.1	0.0797584
293.2	0.0793606
293.3	0.0789648
293.4	0.0785709
293.5	0.0781791
293.6	0.0777891
293.7	0.0774012
293.8	0.0770151
293.9	0.076631
294	0.0762488
294.1	0.0758685
294.2	0.0754901
294.3	0.0751136
294.4	0.074739
294.5	0.0743662
294.6	0.0739953
294.7	0.0736263
294.8	0.073259
294.9	0.0728937
295	0.0725301
295.1	0.0721684
295.2	0.0718084
295.3	0.0714503
295.4	0.0710939
295.5	0.0707393
295.6	0.0703865
295.7	0.0700355
295.8	0.0696862
295.9	0.0693386
296	0.0689928
296.1	0.0686487
296.2	0.0683063
296.3	0.0679656
296.4	0.0676266
296.5	0.0672893
296.6	0.0669537
296.7	0.0666198
296.8	0.0662875
296.9	0.0659569
297	0.065628
297.1	0.0653006
297.2	0.0649749
297.3	0.0646509
297.4	0.0643284
297.5	0.0640076
297.6	0.0636884
297.7	0.0633707
297.8	0.0630546
297.9	0.0627402
298	0.0624272
298.1	0.0621159
298.2	0.0618061
298.3	0.0614978
298.4	0.0611911
298.5	0.0608859
298.6	0.0605822
298.7	0.0602801
298.8	0.0599794
298.9	0.0596803
299	0.0593826
299.1	0.0590865
299.2	0.0587918
299.3	0.0584985
299.4	0.0582068
299.5	0.0579165
299.6	0.0576276
299.7	0.0573402
299.8	0.0570542
299.9	0.0567696
300	0.0564865
300.1	0.0562048
300.2	0.0559245
300.3	0.0556455
300.4	0.055368
300.5	0.0550918
300.6	0.0548171
300.7	0.0545437
300.8	0.0542716
300.9	0.054001
301	0.0537316
301.1	0.0534636
301.2	0.053197
301.3	0.0529317
301.4	0.0526677
301.5	0.052405
301.6	0.0521436
301.7	0.0518836
301.8	0.0516248
301.9	0.0513673
302	0.0511111
302.1	0.0508562
302.2	0.0506025
302.3	0.0503502
302.4	0.050099
302.5	0.0498492
302.6	0.0496005
302.7	0.0493532
302.8	0.049107
302.9	0.0488621
303	0.0486184
303.1	0.0483759
303.2	0.0481346
303.3	0.0478946
303.4	0.0476557
303.5	0.047418
303.6	0.0471815
303.7	0.0469462
303.8	0.046712
303.9	0.0464791
304	0.0462472
304.1	0.0460166
304.2	0.0457871
304.3	0.0455587
304.4	0.0453315
304.5	0.0451054
304.6	0.0448804
304.7	0.0446566
304.8	0.0444339
304.9	0.0442122
305	0.0439917
305.1	0.0437723
305.2	0.043554
305.3	0.0433368
305.4	0.0431206
305.5	0.0429056
305.6	0.0426916
305.7	0.0424787
305.8	0.0422668
305.9	0.042056
306	0.0418462
306.1	0.0416375
306.2	0.0414299
306.3	0.0412232
306.4	0.0410176
306.5	0.040813
306.6	0.0406095
306.7	0.0404069
306.8	0.0402054
306.9	0.0400049
307	0.0398054
307.1	0.0396068
307.2	0.0394093
307.3	0.0392127
307.4	0.0390172
307.5	0.0388226
307.6	0.0386289
307.7	0.0384363
307.8	0.0382446
307.9	0.0380538
308	0.037864
308.1	0.0376752
308.2	0.0374873
308.3	0.0373003
308.4	0.0371143
308.5	0.0369292
308.6	0.036745
308.7	0.0365617
308.8	0.0363794
308.9	0.0361979
309	0.0360174
309.1	0.0358377
309.2	0.035659
309.3	0.0354812
309.4	0.0353042
309.5	0.0351281
309.6	0.0349529
309.7	0.0347786
309.8	0.0346051
309.9	0.0344325
310	0.0342608
310.1	0.0340899
310.2	0.0339199
310.3	0.0337507
310.4	0.0335824
310.5	0.0334149
310.6	0.0332482
310.7	0.0330824
310.8	0.0329174
310.9	0.0327532
311	0.0325899
311.1	0.0324273
311.2	0.0322656
311.3	0.0321047
311.4	0.0319446
311.5	0.0317852
311.6	0.0316267
311.7	0.031469
311.8	0.031312
311.9	0.0311558
312	0.0310005
312.1	0.0308458
312.2	0.030692
312.3	0.0305389
312.4	0.0303866
312.5	0.030235
312.6	0.0300843
312.7	0.0299342
312.8	0.0297849
312.9	0.0296364
313	0.0294885
313.1	0.0293415
313.2	0.0291951
313.3	0.0290495
313.4	0.0289046
313.5	0.0287605
313.6	0.028617
313.7	0.0284743
313.8	0.0283323
313.9	0.028191
314	0.0280504
314.1	0.0279105
314.2	0.0277713
314.3	0.0276328
314.4	0.0274949
314.5	0.0273578
314.6	0.0272214
314.7	0.0270856
314.8	0.0269505
314.9	0.0268161
315	0.0266823
315.1	0.0265493
315.2	0.0264168
315.3	0.0262851
315.4	0.026154
315.5	0.0260235
315.6	0.0258938
315.7	0.0257646
315.8	0.0256361
315.9	0.0255082
316	0.025381
316.1	0.0252544
316.2	0.0251285
316.3	0.0250031
316.4	0.0248784
316.5	0.0247544
316.6	0.0246309
316.7	0.0245081
316.8	0.0243858
316.9	0.0242642
317	0.0241432
317.1	0.0240228
317.2	0.0239029
317.3	0.0237837
317.4	0.0236651
317.5	0.0235471
317.6	0.0234296
317.7	0.0233128
317.8	0.0231965
317.9	0.0230808
318	0.0229657
318.1	0.0228512
318.2	0.0227372
318.3	0.0226238
318.4	0.0225109
318.5	0.0223987
318.6	0.022287
318.7	0.0221758
318.8	0.0220652
318.9	0.0219552
319	0.0218456
319.1	0.0217367
319.2	0.0216283
319.3	0.0215204
319.4	0.0214131
319.5	0.0213063
319.6	0.0212
319.7	0.0210943
319.8	0.0209891
319.9	0.0208844
320	0.0207802
320.1	0.0206766
320.2	0.0205735
320.3	0.0204708
320.4	0.0203687
320.5	0.0202672
320.6	0.0201661
320.7	0.0200655
320.8	0.0199654
320.9	0.0198658
321	0.0197668
321.1	0.0196682
321.2	0.0195701
321.3	0.0194725
321.4	0.0193754
321.5	0.0192787
321.6	0.0191826
321.7	0.0190869
321.8	0.0189917
321.9	0.018897
322	0.0188027
322.1	0.0187089
322.2	0.0186156
322.3	0.0185228
322.4	0.0184304
322.5	0.0183385
322.6	0.018247
322.7	0.018156
322.8	0.0180655
322.9	0.0179754
323	0.0178857
323.1	0.0177965
323.2	0.0177077
323.3	0.0176194
323.4	0.0175315
323.5	0.0174441
323.6	0.0173571
323.7	0.0172705
323.8	0.0171844
323.9	0.0170987
324	0.0170134
324.1	0.0169286
324.2	0.0168441
324.3	0.0167601
324.4	0.0166765
324.5	0.0165933
324.6	0.0165106
324.7	0.0164282
324.8	0.0163463
324.9	0.0162648
325	0.0161837
325.1	0.0161029
325.2	0.0160226
325.3	0.0159427
325.4	0.0158632
325.5	0.0157841
325.6	0.0157054
325.7	0.015627
325.8	0.0155491
325.9	0.0154715
326	0.0153944
326.1	0.0153176
326.2	0.0152412
326.3	0.0151652
326.4	0.0150895
326.5	0.0150143
326.6	0.0149394
326.7	0.0148649
326.8	0.0147907
326.9	0.014717
327	0.0146436
327.1	0.0145705
327.2	0.0144979
327.3	0.0144256
327.4	0.0143536
327.5	0.014282
327.6	0.0142108
327.7	0.0141399
327.8	0.0140694
327.9	0.0139992
328	0.0139294
328.1	0.0138599
328.2	0.0137908
328.3	0.013722
328.4	0.0136536
328.5	0.0135855
328.6	0.0135177
328.7	0.0134503
328.8	0.0133832
328.9	0.0133165
329	0.0132501
329.1	0.013184
329.2	0.0131182
329.3	0.0130528
329.4	0.0129877
329.5	0.0129229
329.6	0.0128585
329.7	0.0127943
329.8	0.0127305
329.9	0.012667
330	0.0126038
330.1	0.012541
330.2	0.0124784
330.3	0.0124162
330.4	0.0123543
330.5	0.0122927
330.6	0.0122313
330.7	0.0121703
330.8	0.0121096
330.9	0.0120492
331	0.0119891
331.1	0.0119294
331.2	0.0118699
331.3	0.0118107
331.4	0.0117517
331.5	0.0116931
331.6	0.0116348
331.7	0.0115768
331.8	0.011519
331.9	0.0114616
332	0.0114044
332.1	0.0113475
332.2	0.011291
332.3	0.0112346
332.4	0.0111786
332.5	0.0111229
332.6	0.0110674
332.7	0.0110122
332.8	0.0109573
332.9	0.0109026
333	0.0108482
333.1	0.0107941
333.2	0.0107403
333.3	0.0106867
333.4	0.0106334
333.5	0.0105804
333.6	0.0105276
333.7	0.0104751
333.8	0.0104229
333.9	0.0103709
334	0.0103192
334.1	0.0102677
334.2	0.0102165
334.3	0.0101655
334.4	0.0101148
334.5	0.0100644
334.6	0.0100142
334.7	0.00996423
334.8	0.00991453
334.9	0.00986509
335	0.00981588
335.1	0.00976693
335.2	0.00971821
335.3	0.00966974
335.4	0.00962152
335.5	0.00957353
335.6	0.00952578
335.7	0.00947827
335.8	0.009431
335.9	0.00938396
336	0.00933716
336.1	0.00929059
336.2	0.00924425
336.3	0.00919814
336.4	0.00915227
336.5	0.00910662
336.6	0.0090612
336.7	0.00901601
336.8	0.00897104
336.9	0.0089263
337	0.00888178
337.1	0.00883748
337.2	0.0087934
337.3	0.00874955
337.4	0.00870591
337.5	0.00866249
337.6	0.00861928
337.7	0.00857629
337.8	0.00853352
337.9	0.00849096
338	0.00844861
338.1	0.00840647
338.2	0.00836454
338.3	0.00832283
338.4	0.00828132
338.5	0.00824001
338.6	0.00819891
338.7	0.00815802
338.8	0.00811733
338.9	0.00807685
339	0.00803657
339.1	0.00799648
339.2	0.0079566
339.3	0.00791692
339.4	0.00787743
339.5	0.00783814
339.6	0.00779905
339.7	0.00776015
339.8	0.00772145
339.9	0.00768294
340	0.00764462
340.1	0.00760649
340.2	0.00756855
340.3	0.0075308
340.4	0.00749324
340.5	0.00745587
340.6	0.00741868
340.7	0.00738168
340.8	0.00734487
340.9	0.00730823
341	0.00727178
341.1	0.00723552
341.2	0.00719943
341.3	0.00716352
341.4	0.00712779
341.5	0.00709224
341.6	0.00705687
341.7	0.00702167
341.8	0.00698665
341.9	0.00695181
342	0.00691714
342.1	0.00688264
342.2	0.00684831
342.3	0.00681415
342.4	0.00678017
342.5	0.00674635
342.6	0.0067127
342.7	0.00667922
342.8	0.00664591
342.9	0.00661276
343	0.00657978
343.1	0.00654697
343.2	0.00651431
343.3	0.00648182
343.4	0.00644949
343.5	0.00641733
343.6	0.00638532
343.7	0.00635347
343.8	0.00632179
343.9	0.00629026
344	0.00625888
344.1	0.00622767
344.2	0.00619661
344.3	0.0061657
344.4	0.00613495
344.5	0.00610435
344.6	0.00607391
344.7	0.00604361
344.8	0.00601347
344.9	0.00598348
345	0.00595363
345.1	0.00592394
345.2	0.00589439
345.3	0.005865
345.4	0.00583574
345.5	0.00580664
345.6	0.00577768
345.7	0.00574886
345.8	0.00572019
345.9	0.00569166
346	0.00566327
346.1	0.00563503
346.2	0.00560692
346.3	0.00557896
346.4	0.00555113
346.5	0.00552345
346.6	0.0054959
346.7	0.00546849
346.8	0.00544121
346.9	0.00541407
347	0.00538707
347.1	0.0053602
347.2	0.00533347
347.3	0.00530687
347.4	0.0052804
347.5	0.00525406
347.6	0.00522786
347.7	0.00520178
347.8	0.00517584
347.9	0.00515003
348	0.00512434
348.1	0.00509878
348.2	0.00507335
348.3	0.00504805
348.4	0.00502287
348.5	0.00499782
348.6	0.00497289
348.7	0.00494809
348.8	0.00492341
348.9	0.00489886
349	0.00487442
349.1	0.00485011
349.2	0.00482592
349.3	0.00480185
349.4	0.0047779
349.5	0.00475407
349.6	0.00473036
349.7	0.00470677
349.8	0.00468329
349.9	0.00465994
350	0.00463669
350.1	0.00461357
350.2	0.00459056
350.3	0.00456766
350.4	0.00454488
350.5	0.00452221
350.6	0.00449966
350.7	0.00447722
350.8	0.00445489
350.9	0.00443267
351	0.00441056
351.1	0.00438856
351.2	0.00436667
351.3	0.0043449
351.4	0.00432323
351.5	0.00430166
351.6	0.00428021
351.7	0.00425886
351.8	0.00423762
351.9	0.00421648
352	0.00419545
352.1	0.00417453
352.2	0.00415371
352.3	0.00413299
352.4	0.00411238
352.5	0.00409187
352.6	0.00407146
352.7	0.00405115
352.8	0.00403095
352.9	0.00401084
353	0.00399084
353.1	0.00397094
353.2	0.00395113
353.3	0.00393142
353.4	0.00391182
353.5	0.00389231
353.6	0.00387289
353.7	0.00385358
353.8	0.00383436
353.9	0.00381523
354	0.0037962
354.1	0.00377727
354.2	0.00375843
354.3	0.00373969
354.4	0.00372103
354.5	0.00370248
354.6	0.00368401
354.7	0.00366564
354.8	0.00364735
354.9	0.00362916
355	0.00361106
355.1	0.00359305
355.2	0.00357513
355.3	0.0035573
355.4	0.00353956
355.5	0.0035219
355.6	0.00350434
355.7	0.00348686
355.8	0.00346947
355.9	0.00345217
356	0.00343495
356.1	0.00341782
356.2	0.00340077
356.3	0.00338381
356.4	0.00336693
356.5	0.00335014
356.6	0.00333343
356.7	0.0033168
356.8	0.00330026
356.9	0.0032838
357	0.00326742
357.1	0.00325113
357.2	0.00323491
357.3	0.00321878
357.4	0.00320272
357.5	0.00318675
357.6	0.00317086
357.7	0.00315504
357.8	0.00313931
357.9	0.00312365
358	0.00310807
358.1	0.00309257
358.2	0.00307714
358.3	0.0030618
358.4	0.00304653
358.5	0.00303133
358.6	0.00301621
358.7	0.00300117
358.8	0.0029862
358.9	0.00297131
359	0.00295649
359.1	0.00294174
359.2	0.00292707
359.3	0.00291247
359.4	0.00289794
359.5	0.00288349
359.6	0.00286911
359.7	0.0028548
359.8	0.00284056
359.9	0.00282639
360	0.0028123
360.1	0.00279827
360.2	0.00278431
360.3	0.00277043
360.4	0.00275661
360.5	0.00274286
360.6	0.00272918
360.7	0.00271557
360.8	0.00270203
360.9	0.00268855
361	0.00267514
361.1	0.0026618
361.2	0.00264852
361.3	0.00263531
361.4	0.00262217
361.5	0.00260909
361.6	0.00259608
361.7	0.00258313
361.8	0.00257025
361.9	0.00255743
362	0.00254467
362.1	0.00253198
362.2	0.00251935
362.3	0.00250679
362.4	0.00249428
362.5	0.00248184
362.6	0.00246947
362.7	0.00245715
362.8	0.00244489
362.9	0.0024327
363	0.00242057
363.1	0.00240849
363.2	0.00239648
363.3	0.00238453
363.4	0.00237264
363.5	0.0023608
363.6	0.00234903
363.7	0.00233731
363.8	0.00232566
363.9	0.00231406
364	0.00230251
364.1	0.00229103
364.2	0.0022796
364.3	0.00226823
364.4	0.00225692
364.5	0.00224567
364.6	0.00223446
364.7	0.00222332
364.8	0.00221223
364.9	0.0022012
365	0.00219022
365.1	0.0021793
365.2	0.00216843
365.3	0.00215761
365.4	0.00214685
365.5	0.00213614
365.6	0.00212549
365.7	0.00211489
365.8	0.00210434
365.9	0.00209384
366	0.0020834
366.1	0.00207301
366.2	0.00206267
366.3	0.00205238
366.4	0.00204215
366.5	0.00203196
366.6	0.00202183
366.7	0.00201174
366.8	0.00200171
366.9	0.00199173
367	0.00198179
367.1	0.00197191
367.2	0.00196207
367.3	0.00195229
367.4	0.00194255
367.5	0.00193286
367.6	0.00192322
367.7	0.00191363
367.8	0.00190409
367.9	0.00189459
368	0.00188514
368.1	0.00187574
368.2	0.00186638
368.3	0.00185707
368.4	0.00184781
368.5	0.0018386
368.6	0.00182943
368.7	0.0018203
368.8	0.00181122
368.9	0.00180219
369	0.0017932
369.1	0.00178426
369.2	0.00177536
369.3	0.0017665
369.4	0.00175769
369.5	0.00174893
369.6	0.0017402
369.7	0.00173152
369.8	0.00172289
369.9	0.00171429
370	0.00170574
370.1	0.00169724
370.2	0.00168877
370.3	0.00168035
370.4	0.00167197
370.5	0.00166363
370.6	0.00165533
370.7	0.00164708
370.8	0.00163886
370.9	0.00163069
371	0.00162255
371.1	0.00161446
371.2	0.00160641
371.3	0.0015984
371.4	0.00159043
371.5	0.00158249
371.6	0.0015746
371.7	0.00156675
371.8	0.00155893
371.9	0.00155116
372	0.00154342
372.1	0.00153572
372.2	0.00152806
372.3	0.00152044
372.4	0.00151286
372.5	0.00150531
372.6	0.00149781
372.7	0.00149034
372.8	0.0014829
372.9	0.00147551
373	0.00146815
373.1	0.00146083
373.2	0.00145354
373.3	0.00144629
373.4	0.00143908
373.5	0.0014319
373.6	0.00142476
373.7	0.00141765
373.8	0.00141058
373.9	0.00140355
374	0.00139655
374.1	0.00138958
374.2	0.00138265
374.3	0.00137575
374.4	0.00136889
374.5	0.00136206
374.6	0.00135527
374.7	0.00134851
374.8	0.00134179
374.9	0.00133509
375	0.00132844
375.1	0.00132181
375.2	0.00131522
375.3	0.00130866
375.4	0.00130213
375.5	0.00129564
375.6	0.00128917
375.7	0.00128274
375.8	0.00127635
375.9	0.00126998
376	0.00126365
376.1	0.00125734
376.2	0.00125107
376.3	0.00124483
376.4	0.00123862
376.5	0.00123245
376.6	0.0012263
376.7	0.00122018
376.8	0.0012141
376.9	0.00120804
377	0.00120202
377.1	0.00119602
377.2	0.00119006
377.3	0.00118412
377.4	0.00117822
377.5	0.00117234
377.6	0.00116649
377.7	0.00116068
377.8	0.00115489
377.9	0.00114913
378	0.00114339
378.1	0.00113769
378.2	0.00113202
378.3	0.00112637
378.4	0.00112075
378.5	0.00111516
378.6	0.0011096
378.7	0.00110407
378.8	0.00109856
378.9	0.00109308
379	0.00108763
379.1	0.00108221
379.2	0.00107681
379.3	0.00107144
379.4	0.00106609
379.5	0.00106078
379.6	0.00105549
379.7	0.00105022
379.8	0.00104498
379.9	0.00103977
380	0.00103459
380.1	0.00102943
380.2	0.00102429
380.3	0.00101918
380.4	0.0010141
380.5	0.00100904
380.6	0.00100401
380.7	0.000999002
380.8	0.00099402
380.9	0.000989062
381	0.000984129
381.1	0.000979221
381.2	0.000974337
381.3	0.000969477
381.4	0.000964642
381.5	0.000959831
381.6	0.000955044
381.7	0.00095028
381.8	0.000945541
381.9	0.000940825
382	0.000936133
382.1	0.000931464
382.2	0.000926818
382.3	0.000922195
382.4	0.000917596
382.5	0.000913019
382.6	0.000908466
382.7	0.000903935
382.8	0.000899426
382.9	0.100895
383	0.100392
383.1	0.099891
383.2	0.0993928
383.3	0.0988971
383.4	0.0984038
383.5	0.097913
383.6	0.0974247
383.7	0.0969388
383.8	0.0964553
383.9	0.0959742
384	0.0954956
384.1	0.0950193
384.2	0.0945454
384.3	0.0940738
384.4	0.0936046
384.5	0.0931378
384.6	0.0926732
384.7	0.092211
384.8	0.0917511
384.9	0.0912935
385	0.0908382
385.1	0.0903851
385.2	0.0899343
385.3	0.0894858
385.4	0.0890395
385.5	0.0885954
385.6	0.0881535
385.7	0.0877138
385.8	0.0872764
385.9	0.0868411
386	0.086408
386.1	0.085977
386.2	0.0855482
386.3	0.0851215
386.4	0.084697
386.5	0.0842745
386.6	0.0838542
386.7	0.083436
386.8	0.0830199
386.9	0.0826058
387	0.0821938
387.1	0.0817838
387.2	0.081376
387.3	0.0809701
387.4	0.0805662
387.5	0.0801644
387.6	0.0797646
387.7	0.0793668
387.8	0.0789709
387.9	0.0785771
388	0.0781852
388.1	0.0777952
388.2	0.0774072
388.3	0.0770211
388.4	0.076637
388.5	0.0762548
388.6	0.0758744
388.7	0.075496
388.8	0.0751195
388.9	0.0747448
389	0.074372
389.1	0.0740011
389.2	0.073632
389.3	0.0732648
389.4	0.0728994
389.5	0.0725358
389.6	0.072174
389.7	0.071814
389.8	0.0714559
389.9	0.0710995
390	0.0707449
390.1	0.070392
390.2	0.0700409
390.3	0.0696916
390.4	0.069344
390.5	0.0689982
390.6	0.068654
390.7	0.0683116
390.8	0.0679709
390.9	0.0676319
391	0.0672946
391.1	0.066959
391.2	0.066625
391.3	0.0662927
391.4	0.0659621
391.5	0.0656331
391.6	0.0653057
391.7	0.06498
391.8	0.0646559
391.9	0.0643335
392	0.0640126
392.1	0.0636933
392.2	0.0633757
392.3	0.0630596
392.4	0.0627451
392.5	0.0624321
392.6	0.0621207
392.7	0.0618109
392.8	0.0615026
392.9	0.0611959
393	0.0608907
393.1	0.060587
393.2	0.0602848
393.3	0.0599841
393.4	0.0596849
393.5	0.0593873
393.6	0.0590911
393.7	0.0587964
393.8	0.0585031
393.9	0.0582113
394	0.057921
394.1	0.0576321
394.2	0.0573447
394.3	0.0570587
394.4	0.0567741
394.5	0.0564909
394.6	0.0562092
394.7	0.0559288
394.8	0.0556499
394.9	0.0553723
395	0.0550961
395.1	0.0548214
395.2	0.0545479
395.3	0.0542759
395.4	0.0540052
395.5	0.0537358
395.6	0.0534678
395.7	0.0532011
395.8	0.0529358
395.9	0.0526718
396	0.0524091
396.1	0.0521477
396.2	0.0518876
396.3	0.0516288
396.4	0.0513713
396.5	0.0511151
396.6	0.0508602
396.7	0.0506065
396.8	0.0503541
396.9	0.0501029
397	0.0498531
397.1	0.0496044
397.2	0.049357
397.3	0.0491108
397.4	0.0488659
397.5	0.0486222
397.6	0.0483797
397.7	0.0481384
397.8	0.0478983
397.9	0.0476594
398	0.0474217
398.1	0.0471852
398.2	0.0469498
398.3	0.0467157
398.4	0.0464827
398.5	0.0462508
398.6	0.0460202
398.7	0.0457906
398.8	0.0455623
398.9	0.045335
399	0.0451089
399.1	0.0448839
399.2	0.0446601
399.3	0.0444373
399.4	0.0442157
399.5	0.0439952
399.6	0.0437757
399.7	0.0435574
399.8	0.0433402
399.9	0.043124
400	0.0429089
400.1	0.0426949
400.2	0.042482
400.3	0.0422701
400.4	0.0420593
400.5	0.0418495
400.6	0.0416408
400.7	0.0414331
400.8	0.0412264
400.9	0.0410208
401	0.0408162
401.1	0.0406127
401.2	0.0404101
401.3	0.0402086
401.4	0.040008
401.5	0.0398085
401.6	0.0396099
401.7	0.0394124
401.8	0.0392158
401.9	0.0390202
402	0.0388256
402.1	0.038632
402.2	0.0384393
402.3	0.0382476
402.4	0.0380568
402.5	0.037867
402.6	0.0376781
402.7	0.0374902
402.8	0.0373032
402.9	0.0371172
403	0.0369321
403.1	0.0367479
403.2	0.0365646
403.3	0.0363822
403.4	0.0362007
403.5	0.0360202
403.6	0.0358405
403.7	0.0356618
403.8	0.0354839
403.9	0.0353069
404	0.0351309
404.1	0.0349556
404.2	0.0347813
404.3	0.0346078
404.4	0.0344352
404.5	0.0342635
404.6	0.0340926
404.7	0.0339225
404.8	0.0337534
404.9	0.033585
405	0.0334175
405.1	0.0332508
405.2	0.033085
405.3	0.03292
405.4	0.0327558
405.5	0.0325924
405.6	0.0324299
405.7	0.0322681
405.8	0.0321072
405.9	0.031947
406	0.0317877
406.1	0.0316292
406.2	0.0314714
406.3	0.0313145
406.4	0.0311583
406.5	0.0310029
406.6	0.0308482
406.7	0.0306944
406.8	0.0305413
406.9	0.030389
407	0.0302374
407.1	0.0300866
407.2	0.0299365
407.3	0.0297872
407.4	0.0296387
407.5	0.0294908
407.6	0.0293438
407.7	0.0291974
407.8	0.0290518
407.9	0.0289069
408	0.0287627
408.1	0.0286193
408.2	0.0284765
408.3	0.0283345
408.4	0.0281932
408.5	0.0280526
408.6	0.0279126
408.7	0.0277734
408.8	0.0276349
408.9	0.0274971
409	0.0273599
409.1	0.0272235
409.2	0.0270877
409.3	0.0269526
409.4	0.0268182
409.5	0.0266844
409.6	0.0265513
409.7	0.0264189
409.8	0.0262871
409.9	0.026156
410	0.0260256
410.1	0.0258958
410.2	0.0257666
410.3	0.0256381
410.4	0.0255102
410.5	0.025383
410.6	0.0252564
410.7	0.0251304
410.8	0.0250051
410.9	0.0248804
411	0.0247563
411.1	0.0246328
411.2	0.02451
411.3	0.0243877
411.4	0.0242661
411.5	0.0241451
411.6	0.0240246
411.7	0.0239048
411.8	0.0237856
411.9	0.023667
412	0.0235489
412.1	0.0234315
412.2	0.0233146
412.3	0.0231983
412.4	0.0230826
412.5	0.0229675
412.6	0.0228529
412.7	0.022739
412.8	0.0226255
412.9	0.0225127
413	0.0224004
413.1	0.0222887
413.2	0.0221775
413.3	0.0220669
413.4	0.0219569
413.5	0.0218474
413.6	0.0217384
413.7	0.02163
413.8	0.0215221
413.9	0.0214147
414	0.0213079
414.1	0.0212017
414.2	0.0210959
414.3	0.0209907
414.4	0.020886
414.5	0.0207818
414.6	0.0206782
414.7	0.0205751
414.8	0.0204724
414.9	0.0203703
415	0.0202687
415.1	0.0201676
415.2	0.0200671
415.3	0.019967
415.4	0.0198674
415.5	0.0197683
415.6	0.0196697
415.7	0.0195716
415.8	0.019474
415.9	0.0193769
416	0.0192802
416.1	0.0191841
416.2	0.0190884
416.3	0.0189932
416.4	0.0188984
416.5	0.0188042
416.6	0.0187104
416.7	0.0186171
416.8	0.0185242
416.9	0.0184318
417	0.0183399
417.1	0.0182484
417.2	0.0181574
417.3	0.0180669
417.4	0.0179768
417.5	0.0178871
417.6	0.0177979
417.7	0.0177091
417.8	0.0176208
417.9	0.0175329
418	0.0174455
418.1	0.0173585
418.2	0.0172719
418.3	0.0171857
418.4	0.0171
418.5	0.0170147
418.6	0.0169299
418.7	0.0168454
418.8	0.0167614
418.9	0.0166778
419	0.0165946
419.1	0.0165119
419.2	0.0164295
419.3	0.0163476
419.4	0.016266
419.5	0.0161849
419.6	0.0161042
419.7	0.0160239
419.8	0.015944
419.9	0.0158644
420	0.0157853
420.1	0.0157066
420.2	0.0156282
420.3	0.0155503
420.4	0.0154727
420.5	0.0153956
420.6	0.0153188
420.7	0.0152424
420.8	0.0151664
420.9	0.0150907
421	0.0150155
421.1	0.0149406
421.2	0.014866
421.3	0.0147919
421.4	0.0147181
421.5	0.0146447
421.6	0.0145717
421.7	0.014499
421.8	0.0144267
421.9	0.0143547
422	0.0142831
422.1	0.0142119
422.2	0.014141
422.3	0.0140705
422.4	0.0140003
422.5	0.0139305
422.6	0.013861
422.7	0.0137919
422.8	0.0137231
422.9	0.0136546
423	0.0135865
423.1	0.0135188
423.2	0.0134514
423.3	0.0133843
423.4	0.0133175
423.5	0.0132511
423.6	0.013185
423.7	0.0131192
423.8	0.0130538
423.9	0.0129887
424	0.0129239
424.1	0.0128595
424.2	0.0127953
424.3	0.0127315
424.4	0.012668
424.5	0.0126048
424.6	0.012542
424.7	0.0124794
424.8	0.0124172
424.9	0.0123552
425	0.0122936
425.1	0.0122323
425.2	0.0121713
425.3	0.0121106
425.4	0.0120502
425.5	0.0119901
425.6	0.0119303
425.7	0.0118708
425.8	0.0118116
425.9	0.0117527
426	0.011694
426.1	0.0116357
426.2	0.0115777
426.3	0.0115199
426.4	0.0114625
426.5	0.0114053
426.6	0.0113484
426.7	0.0112918
426.8	0.0112355
426.9	0.0111795
427	0.0111237
427.1	0.0110682
427.2	0.011013
427.3	0.0109581
427.4	0.0109035
427.5	0.0108491
427.6	0.010795
427.7	0.0107411
427.8	0.0106876
427.9	0.0106342
428	0.0105812
428.1	0.0105284
428.2	0.0104759
428.3	0.0104237
428.4	0.0103717
428.5	0.01032
428.6	0.0102685
428.7	0.0102173
428.8	0.0101663
428.9	0.0101156
429	0.0100652
429.1	0.010015
429.2	0.00996501
429.3	0.00991531
429.4	0.00986585
429.5	0.00981665
429.6	0.00976769
429.7	0.00971897
429.8	0.0096705
429.9	0.00962227
430	0.00957427
430.1	0.00952652
430.2	0.00947901
430.3	0.00943173
430.4	0.00938469
430.5	0.00933788
430.6	0.00929131
430.7	0.00924497
430.8	0.00919886
430.9	0.00915298
431	0.00910733
431.1	0.00906191
431.2	0.00901671
431.3	0.00897174
431.4	0.00892699
431.5	0.00888247
431.6	0.00883817
431.7	0.00879409
431.8	0.00875023
431.9	0.00870659
432	0.00866316
432.1	0.00861995
432.2	0.00857696
432.3	0.00853418
432.4	0.00849162
432.5	0.00844927
432.6	0.00840713
432.7	0.0083652
432.8	0.00832347
432.9	0.00828196
433	0.00824065
433.1	0.00819955
433.2	0.00815866
433.3	0.00811797
433.4	0.00807748
433.5	0.00803719
433.6	0.00799711
433.7	0.00795722
433.8	0.00791753
433.9	0.00787805
434	0.00783875
434.1	0.00779966
434.2	0.00776076
434.3	0.00772205
434.4	0.00768354
434.5	0.00764521
434.6	0.00760708
434.7	0.00756914
434.8	0.00753139
434.9	0.00749383
435	0.00745645
435.1	0.00741926
435.2	0.00738226
435.3	0.00734544
435.4	0.0073088
435.5	0.00727235
435.6	0.00723608
435.7	0.00719999
435.8	0.00716408
435.9	0.00712835
436	0.0070928
436.1	0.00705742
436.2	0.00702222
436.3	0.0069872
436.4	0.00695235
436.5	0.00691768
436.6	0.00688317
436.7	0.00684884
436.8	0.00681468
436.9	0.0067807
437	0.00674688
437.1	0.00671323
437.2	0.00667974
437.3	0.00664643
437.4	0.00661328
437.5	0.0065803
437.6	0.00654748
437.7	0.00651482
437.8	0.00648233
437.9	0.00645
438	0.00641783
438.1	0.00638582
438.2	0.00635397
438.3	0.00632228
438.4	0.00629075
438.5	0.00625937
438.6	0.00622815
438.7	0.00619709
438.8	0.00616618
438.9	0.00613543
439	0.00610483
439.1	0.00607438
439.2	0.00604408
439.3	0.00601394
439.4	0.00598394
439.5	0.0059541
439.6	0.0059244
439.7	0.00589485
439.8	0.00586545
439.9	0.0058362
440	0.00580709
440.1	0.00577813
440.2	0.00574931
440.3	0.00572063
440.4	0.0056921
440.5	0.00566371
440.6	0.00563547
440.7	0.00560736
440.8	0.00557939
440.9	0.00555156
441	0.00552388
441.1	0.00549633
441.2	0.00546891
441.3	0.00544164
441.4	0.0054145
441.5	0.00538749
441.6	0.00536062
441.7	0.00533388
441.8	0.00530728
441.9	0.00528081
442	0.00525447
442.1	0.00522827
442.2	0.00520219
442.3	0.00517624
442.4	0.00515043
442.5	0.00512474
442.6	0.00509918
442.7	0.00507375
442.8	0.00504844
442.9	0.00502326
443	0.00499821
443.1	0.00497328
443.2	0.00494848
443.3	0.0049238
443.4	0.00489924
443.5	0.0048748
443.6	0.00485049
443.7	0.0048263
443.8	0.00480223
443.9	0.00477828
444	0.00475444
444.1	0.00473073
444.2	0.00470714
444.3	0.00468366
444.4	0.0046603
444.5	0.00463706
444.6	0.00461393
444.7	0.00459092
444.8	0.00456802
444.9	0.00454524
445	0.00452257
445.1	0.00450001
445.2	0.00447757
445.3	0.00445523
445.4	0.00443301
445.5	0.0044109
445.6	0.00438891
445.7	0.00436702
445.8	0.00434523
445.9	0.00432356
446	0.004302
446.1	0.00428054
446.2	0.00425919
446.3	0.00423795
446.4	0.00421681
446.5	0.00419578
446.6	0.00417486
446.7	0.00415403
446.8	0.00413332
446.9	0.0041127
447	0.00409219
447.1	0.00407178
447.2	0.00405147
447.3	0.00403126
447.4	0.00401116
447.5	0.00399115
447.6	0.00397125
447.7	0.00395144
447.8	0.00393173
447.9	0.00391212
448	0.00389261
448.1	0.0038732
448.2	0.00385388
448.3	0.00383466
448.4	0.00381553
448.5	0.0037965
448.6	0.00377757
448.7	0.00375872
448.8	0.00373998
448.9	0.00372132
449	0.00370276
449.1	0.0036843
449.2	0.00366592
449.3	0.00364764
449.4	0.00362945
449.5	0.00361134
449.6	0.00359333
449.7	0.00357541
449.8	0.00355758
449.9	0.00353983
450	0.00352218
450.1	0.00350461
450.2	0.00348713
450.3	0.00346974
450.4	0.00345244
450.5	0.00343522
450.6	0.00341808
450.7	0.00340103
450.8	0.00338407
450.9	0.00336719
451	0.0033504
451.1	0.00333369
451.2	0.00331706
451.3	0.00330052
451.4	0.00328406
451.5	0.00326768
451.6	0.00325138
451.7	0.00323516
451.8	0.00321903
451.9	0.00320297
452	0.003187
452.1	0.0031711
452.2	0.00315529
452.3	0.00313955
452.4	0.00312389
452.5	0.00310831
452.6	0.00309281
452.7	0.00307738
452.8	0.00306204
452.9	0.00304676
453	0.00303157
453.1	0.00301645
453.2	0.0030014
453.3	0.00298643
453.4	0.00297154
453.5	0.00295672
453.6	0.00294197
453.7	0.0029273
453.8	0.0029127
453.9	0.00289817
454	0.00288372
454.1	0.00286933
454.2	0.00285502
454.3	0.00284078
454.4	0.00282661
454.5	0.00281252
454.6	0.00279849
454.7	0.00278453
454.8	0.00277064
454.9	0.00275683
455	0.00274308
455.1	0.00272939
455.2	0.00271578
455.3	0.00270224
455.4	0.00268876
455.5	0.00267535
455.6	0.00266201
455.7	0.00264873
455.8	0.00263552
455.9	0.00262237
456	0.00260929
456.1	0.00259628
456.2	0.00258333
456.3	0.00257045
456.4	0.00255763
456.5	0.00254487
456.6	0.00253218
456.7	0.00251955
456.8	0.00250698
456.9	0.00249448
457	0.00248204
457.1	0.00246966
457.2	0.00245734
457.3	0.00244508
457.4	0.00243289
457.5	0.00242076
457.6	0.00240868
457.7	0.00239667
457.8	0.00238472
457.9	0.00237282
458	0.00236099
458.1	0.00234921
458.2	0.00233749
458.3	0.00232584
458.4	0.00231424
458.5	0.00230269
458.6	0.00229121
458.7	0.00227978
458.8	0.00226841
458.9	0.0022571
459	0.00224584
459.1	0.00223464
459.2	0.00222349
459.3	0.0022124
459.4	0.00220137
459.5	0.00219039
459.6	0.00217947
459.7	0.0021686
459.8	0.00215778
459.9	0.00214702
460	0.00213631
460.1	0.00212565
460.2	0.00211505
460.3	0.0021045
460.4	0.00209401
460.5	0.00208356
460.6	0.00207317
460.7	0.00206283
460.8	0.00205254
460.9	0.00204231
461	0.00203212
461.1	0.00202199
461.2	0.0020119
461.3	0.00200187
461.4	0.00199188
461.5	0.00198195
461.6	0.00197206
461.7	0.00196223
461.8	0.00195244
461.9	0.0019427
462	0.00193301
462.1	0.00192337
462.2	0.00191378
462.3	0.00190423
462.4	0.00189474
462.5	0.00188529
462.6	0.00187588
462.7	0.00186653
462.8	0.00185722
462.9	0.00184796
463	0.00183874
463.1	0.00182957
463.2	0.00182044
463.3	0.00181136
463.4	0.00180233
463.5	0.00179334
463.6	0.0017844
463.7	0.0017755
463.8	0.00176664
463.9	0.00175783
464	0.00174906
464.1	0.00174034
464.2	0.00173166
464.3	0.00172302
464.4	0.00171443
464.5	0.00170588
464.6	0.00169737
464.7	0.0016889
464.8	0.00168048
464.9	0.0016721
465	0.00166376
465.1	0.00165546
465.2	0.0016472
465.3	0.00163899
465.4	0.00163081
465.5	0.00162268
465.6	0.00161459
465.7	0.00160654
465.8	0.00159852
465.9	0.00159055
466	0.00158262
466.1	0.00157472
466.2	0.00156687
466.3	0.00155905
466.4	0.00155128
466.5	0.00154354
466.6	0.00153584
466.7	0.00152818
466.8	0.00152056
466.9	0.00151298
467	0.00150543
467.1	0.00149792
467.2	0.00149045
467.3	0.00148302
467.4	0.00147562
467.5	0.00146826
467.6	0.00146094
467.7	0.00145365
467.8	0.0014464
467.9	0.00143919
468	0.00143201
468.1	0.00142487
468.2	0.00141776
468.3	0.00141069
468.4	0.00140366
468.5	0.00139665
468.6	0.00138969
468.7	0.00138276
468.8	0.00137586
468.9	0.001369
469	0.00136217
469.1	0.00135538
469.2	0.00134862
469.3	0.00134189
469.4	0.0013352
469.5	0.00132854
469.6	0.00132191
469.7	0.00131532
469.8	0.00130876
469.9	0.00130223
470	0.00129574
470.1	0.00128927
470.2	0.00128284
470.3	0.00127645
470.4	0.00127008
470.5	0.00126375
470.6	0.00125744
470.7	0.00125117
470.8	0.00124493
470.9	0.00123872
471	0.00123254
471.1	0.0012264
471.2	0.00122028
471.3	0.00121419
471.4	0.00120814
471.5	0.00120211
471.6	0.00119612
471.7	0.00119015
471.8	0.00118421
471.9	0.00117831
472	0.00117243
472.1	0.00116658
472.2	0.00116077
472.3	0.00115498
472.4	0.00114922
472.5	0.00114348
472.6	0.00113778
472.7	0.00113211
472.8	0.00112646
472.9	0.00112084
473	0.00111525
473.1	0.00110969
473.2	0.00110415
473.3	0.00109865
473.4	0.00109317
473.5	0.00108772
473.6	0.00108229
473.7	0.00107689
473.8	0.00107152
473.9	0.00106618
474	0.00106086
474.1	0.00105557
474.2	0.0010503
474.3	0.00104507
474.4	0.00103985
474.5	0.00103467
474.6	0.00102951
474.7	0.00102437
474.8	0.00101926
474.9	0.00101418
475	0.00100912
475.1	0.00100409
475.2	0.00099908
475.3	0.000994097
475.4	0.000989139
475.5	0.000984206
475.6	0.000979297
475.7	0.000974413
475.8	0.000969553
475.9	0.000964717
476	0.000959906
476.1	0.000955118
476.2	0.000950354
476.3	0.000945615
476.4	0.000940898
476.5	0.000936206
476.6	0.000931536
476.7	0.00092689
476.8	0.000922267
476.9	0.000917667
477	0.000913091
477.1	0.000908536
477.2	0.000904005
477.3	0.000899496
477.4	0.00089501
477.5	0.000890546
477.6	0.000886105
477.7	0.000881685
477.8	0.000877288
477.9	0.000872912
478	0.000868559
478.1	0.000864227
478.2	0.000859916
478.3	0.000855627
478.4	0.00085136
478.5	0.000847114
478.6	0.000842889
478.7	0.000838685
478.8	0.000834502
478.9	0.00083034
479	0.000826199
479.1	0.000822078
479.2	0.000817978
479.3	0.000813898
479.4	0.000809839
479.5	0.0008058
479.6	0.000801781
479.7	0.000797782
479.8	0.000793803
479.9	0.000789844
480	0.000785904
480.1	0.000781985
480.2	0.000778084
480.3	0.000774204
480.4	0.000770342
480.5	0.0007665
480.6	0.000762677
480.7	0.000758873
480.8	0.000755089
480.9	0.000751323
481	0.000747575
481.1	0.000743847
481.2	0.000740137
481.3	0.000736445
481.4	0.000732772
481.5	0.000729118
481.6	0.000725481
481.7	0.000721863
481.8	0.000718262
481.9	0.00071468
482	0.000711116
482.1	0.000707569
482.2	0.00070404
482.3	0.000700529
482.4	0.000697035
482.5	0.000693558
482.6	0.000690099
482.7	0.000686657
482.8	0.000683232
482.9	0.000679825
483	0.000676434
483.1	0.00067306
483.2	0.000669703
483.3	0.000666363
483.4	0.00066304
483.5	0.000659733
483.6	0.000656442
483.7	0.000653168
483.8	0.000649911
483.9	0.000646669
484	0.000643444
484.1	0.000640235
484.2	0.000637042
484.3	0.000633864
484.4	0.000630703
484.5	0.000627557
484.6	0.000624427
484.7	0.000621313
484.8	0.000618214
484.9	0.000615131
485	0.000612063
485.1	0.00060901
485.2	0.000605973
485.3	0.00060295
485.4	0.000599943
485.5	0.000596951
485.6	0.000593974
485.7	0.000591011
485.8	0.000588064
485.9	0.000585131
486	0.000582212
486.1	0.000579308
486.2	0.000576419
486.3	0.000573544
486.4	0.000570684
486.5	0.000567837
486.6	0.000565005
486.7	0.000562187
486.8	0.000559383
486.9	0.000556593
487	0.000553817
487.1	0.000551055
487.2	0.000548307
487.3	0.000545572
487.4	0.000542851
487.5	0.000540144
487.6	0.00053745
487.7	0.000534769
487.8	0.000532102
487.9	0.000529448
488	0.000526807
488.1	0.00052418
488.2	0.000521566
488.3	0.000518964
488.4	0.000516376
488.5	0.000513801
488.6	0.000511238
488.7	0.000508688
488.8	0.000506151
488.9	0.000503627
489	0.000501115
489.1	0.000498615
489.2	0.000496129
489.3	0.000493654
489.4	0.000491192
489.5	0.000488742
489.6	0.000486305
489.7	0.000483879
489.8	0.000481466
489.9	0.000479064
490	0.000476675
490.1	0.000474298
490.2	0.000471932
490.3	0.000469578
490.4	0.000467236
490.5	0.000464906
490.6	0.000462587
490.7	0.00046028
490.8	0.000457984
490.9	0.0004557
491	0.000453427
491.1	0.000451166
491.2	0.000448916
491.3	0.000446677
491.4	0.000444449
491.5	0.000442232
491.6	0.000440027
491.7	0.000437832
491.8	0.000435648
491.9	0.000433475
492	0.000431313
492.1	0.000429162
492.2	0.000427022
492.3	0.000424892
492.4	0.000422773
492.5	0.000420664
492.6	0.000418566
492.7	0.000416479
492.8	0.000414401
492.9	0.000412335
493	0.000410278
493.1	0.000408232
493.2	0.000406196
493.3	0.00040417
493.4	0.000402154
493.5	0.000400148
493.6	0.000398152
493.7	0.000396167
493.8	0.000394191
493.9	0.000392225
494	0.000390269
494.1	0.000388322
494.2	0.000386385
494.3	0.000384458
494.4	0.000382541
494.5	0.000380633
494.6	0.000378734
494.7	0.000376845
494.8	0.000374966
494.9	0.000373096
495	0.000371235
495.1	0.000369383
495.2	0.000367541
495.3	0.000365708
495.4	0.000363884
495.5	0.000362069
495.6	0.000360263
495.7	0.000358466
495.8	0.000356679
495.9	0.0003549
496	0.00035313
496.1	0.000351368
496.2	0.000349616
496.3	0.000347872
496.4	0.000346137
496.5	0.000344411
496.6	0.000342693
496.7	0.000340984
496.8	0.000339283
496.9	0.000337591
497	0.000335907
497.1	0.000334232
497.2	0.000332565
497.3	0.000330906
497.4	0.000329256
497.5	0.000327614
497.6	0.00032598
497.7	0.000324354
497.8	0.000322736
497.9	0.000321126
498	0.000319525
498.1	0.000317931
498.2	0.000316346
498.3	0.000314768
498.4	0.000313198
498.5	0.000311636
498.6	0.000310081
498.7	0.000308535
498.8	0.000306996
498.9	0.000305465
499	0.000303941
499.1	0.000302426
499.2	0.000300917
499.3	0.000299416
499.4	0.000297923
499.5	0.000296437
499.6	0.000294959
499.7	0.000293488
499.8	0.000292024
499.9	0.000290567
